1	926665
2	463725
3	347411
4	260951
5	189425
6	174491
7	173705
10	102965
1	591585
2	308117
3	209519
4	160221
5	135571
6	110922
7	98597
8	86273
9	86272
10	73948
11	73947
12	61623
16	49299
17	49298
24	36974
33	36973
47	24649
1	121238
2	62173
3	43521
4	34195
5	27978
6	24869
7	21760
8	18652
9	18651
10	15543
13	12434
19	9326
26	9325
38	6217
1	14478
2	7350
3	5122
4	3786
5	3118
6	2672
7	2449
8	2004
10	1781
11	1559
12	1558
13	1336
16	1113
22	891
24	890
32	668
48	667
64	445
1	480681
2	240543
3	160362
4	120373
5	96419
6	80383
7	71455
8	60289
9	53589
10	50343
11	44050
12	43644
1	57736
2	29224
3	19958
4	14968
5	12117
6	10691
7	9266
8	7840
9	7128
10	6415
11	6414
12	5702
13	5701
14	4989
16	4276
20	3564
22	3563
27	2851
32	2850
40	2138
64	2137
80	1425
1	223784
2	113208
3	76350
4	57920
5	47389
6	39491
7	34226
8	31592
9	28960
10	26327
11	23694
12	21062
13	21061
14	18429
16	18428
17	15796
21	13164
22	13163
28	10531
32	10530
42	7898
64	7897
84	5265
1	96512
2	49560
3	33910
4	26084
5	23476
6	18259
8	15650
9	13042
12	10434
16	10433
18	7825
36	5217
1	415000
2	207675
3	138509
4	104013
5	86239
6	69342
7	68639
8	52095
9	51391
10	51215
11	40127
12	34846
13	34495
17	33791
18	33615
22	22527
23	21647
1	10119
2	5098
3	3899
1	61336
2	30765
3	21374
4	15477
5	14534
6	13109
7	10164
8	8454
1	70952
2	35625
3	23969
4	18047
5	15979
6	12125
7	12031
8	11937
9	11843
10	9869
11	7801
1	778
2	390
3	260
4	213
5	209
1	11001
2	8065
1	19223
2	9630
3	6445
4	5585
5	4179
6	3262
7	3077
1	1346
2	989
1	8737
2	4394
3	2964
4	2339
1	237962
2	119320
3	80624
4	72884
5	48368
6	44504
1	8191
2	4125
3	2769
4	2595
1	34619
2	19249
3	11623
4	9749
1	545180
2	273055
3	182200
4	137001
5	130479
6	92267
7	88073
8	87607
9	87141
1	13245
2	6652
3	4679
1	13137
2	6589
3	4755
1	7061
2	3558
3	2855
1	514283
2	257249
3	171715
4	136511
5	106919
6	86183
7	83159
8	76895
9	62639
10	59831
11	53567
12	53351
15	46871
18	39311
1	2102430
2	1058511
3	717079
4	535807
5	438619
6	375647
7	329419
8	278641
9	256983
10	232049
11	206205
12	206023
13	194193
14	184183
15	159431
16	145417
22	133587
23	133405
25	123577
26	121393
27	111565
28	111383
29	101555
30	86813
31	72981
1	768
2	386
3	259
4	196
5	164
6	144
7	128
8	116
9	108
10	104
1	12576
2	6314
3	4832
4	3239
5	2726
